camera_matrix:
- [1393.0421927871225, 0.0, 977.3691661340864]
- [0.0, 1389.091902910855, 527.3879067151624]
- [0.0, 0.0, 1.0]
dist_coeff:
- [0.1152951357127526, -0.2370845329032203, -0.004627669843662077, 0.0030631110671450273,
  0.06989931153500527]
