camera_matrix:
- [1395.6279212009845, 0.0, 970.8046805524448]
- [0.0, 1393.6892151878556, 532.5444388658885]
- [0.0, 0.0, 1.0]
dist_coeff:
- [0.12384288610115032, -0.2424483657117197, -0.002006010882372743, -0.00042451446778679077,
  0.07986794336491727]
