camera_matrix:
- [620.2678375549896, 0.0, 322.94579652113293]
- [0.0, 618.61305587237, 239.42135627438046]
- [0.0, 0.0, 1.0]
dist_coeff:
- [0.11369913583372294, -0.193716412669678, -0.0011143493279290875, -0.0021599136353324592,
  -0.03519351082447173]
