camera_matrix:
- [1372.5214463718664, 0.0, 968.4986300605642]
- [0.0, 1371.413894213286, 544.4865340480724]
- [0.0, 0.0, 1.0]
dist_coeff:
- [0.108628302737173, -0.25509451338041395, -0.0015274717102950008, 0.0008679580112987866,
  0.11744163489396006]
